fs = 16000;

[y,fs]